   1.0000000000000000e+00  -5.9637727070164059e+00   1.9125339333078287e+01  -4.0341474540744301e+01   6.1537466875369077e+01  -7.0019717951472558e+01   6.0298814235239249e+01  -3.8733792862566574e+01   1.7993533279581207e+01  -5.4979061224868158e+00   9.0332828533800469e-01
   1.0000000000000000e+00  -4.6377947119071408e+00   1.3502215749461552e+01  -2.6155952405269698e+01   3.8589668330738235e+01  -4.3038990303252490e+01   3.7812927599536991e+01  -2.5113598088113683e+01   1.2703182701888030e+01  -4.2755083391143280e+00   9.0332828533799747e-01
   1.0000000000000000e+00  -3.0591317915750937e+00   8.6417489609637492e+00  -1.4278790253808838e+01   2.1302268283304294e+01  -2.2193853972079211e+01   2.0873499791105424e+01  -1.3709764520609379e+01   8.1303553577931567e+00  -2.8201643879900473e+00   9.0332828533799880e-01
   1.0000000000000000e+00  -1.4071749185996751e+00   5.6904141470697542e+00  -5.7374718273676306e+00   1.1958028362868905e+01  -8.5435280598354630e+00   1.1717345583835968e+01  -5.5088290876998647e+00   5.3536787286077674e+00  -1.2972519209655595e+00   9.0332828533800047e-01
   1.0000000000000000e+00   8.2010906117760318e-01   5.1673756579268604e+00   3.2580350909220925e+00   1.0392903763919193e+01   4.8101776408669084e+00   1.0183724507092508e+01   3.1282000712126754e+00   4.8615933365571991e+00   7.5604535083144919e-01   9.0332828533800047e-01
   1.0000000000000000e+00   2.7080869856154530e+00   7.8319071217995795e+00   1.2201607990980769e+01   1.8651500443681677e+01   1.8758157568004620e+01   1.8276088095999114e+01   1.1715361303018966e+01   7.3684394621254015e+00   2.4965418284512091e+00   9.0332828533801224e-01
   1.0000000000000000e+00   4.9479835250075892e+00   1.4691607003177602e+01   2.9082414772101060e+01   4.3179839108869331e+01   4.8440791644688879e+01   4.2310703962394342e+01   2.7923434247706432e+01   1.3822186510471010e+01   4.5614664160654357e+00   9.0332828533799958e-01
   1.0000000000000000e+00   6.1701893352279864e+00   2.0127225876810336e+01   4.2974193398071691e+01   6.5958045321253465e+01   7.5230437667866624e+01   6.4630411355739881e+01   4.1261591079244141e+01   1.8936128791950541e+01   5.6881982915180327e+00   9.0332828533799836e-01
   1.0000000000000000e+00   7.4092912870072398e+00   2.6857944460290135e+01   6.1578787811202247e+01   9.8258255839887340e+01   1.1359460153696304e+02   9.6280452143026153e+01   5.9124742025776442e+01   2.5268527576524235e+01   6.8305064480743178e+00   9.0332828533800158e-01
   1.0000000000000000e+00   8.5743055776347692e+00   3.4306584753117903e+01   8.4035290411037124e+01   1.3928510844056831e+02   1.6305115418161643e+02   1.3648147221895812e+02   8.0686288623299902e+01   3.2276361903872186e+01   7.9045143816244918e+00   9.0332828533799903e-01
