   9.0928661148176830e-10   0.0000000000000000e+00  -4.5464330574088414e-09   0.0000000000000000e+00   9.0928661148176828e-09   0.0000000000000000e+00  -9.0928661148176828e-09   0.0000000000000000e+00   4.5464330574088414e-09   0.0000000000000000e+00  -9.0928661148176830e-10
   9.0928661148203093e-10   0.0000000000000000e+00  -4.5464330574101550e-09   0.0000000000000000e+00   9.0928661148203099e-09   0.0000000000000000e+00  -9.0928661148203099e-09   0.0000000000000000e+00   4.5464330574101550e-09   0.0000000000000000e+00  -9.0928661148203093e-10
   9.0928661148196858e-10   0.0000000000000000e+00  -4.5464330574098431e-09   0.0000000000000000e+00   9.0928661148196862e-09   0.0000000000000000e+00  -9.0928661148196862e-09   0.0000000000000000e+00   4.5464330574098431e-09   0.0000000000000000e+00  -9.0928661148196858e-10
   9.0928661148203424e-10   0.0000000000000000e+00  -4.5464330574101715e-09   0.0000000000000000e+00   9.0928661148203430e-09   0.0000000000000000e+00  -9.0928661148203430e-09   0.0000000000000000e+00   4.5464330574101715e-09   0.0000000000000000e+00  -9.0928661148203424e-10
   9.0928661148203041e-10   0.0000000000000000e+00  -4.5464330574101516e-09   0.0000000000000000e+00   9.0928661148203033e-09   0.0000000000000000e+00  -9.0928661148203033e-09   0.0000000000000000e+00   4.5464330574101516e-09   0.0000000000000000e+00  -9.0928661148203041e-10
   9.0928661148164309e-10   0.0000000000000000e+00  -4.5464330574082152e-09   0.0000000000000000e+00   9.0928661148164304e-09   0.0000000000000000e+00  -9.0928661148164304e-09   0.0000000000000000e+00   4.5464330574082152e-09   0.0000000000000000e+00  -9.0928661148164309e-10
   9.0928661148193684e-10   0.0000000000000000e+00  -4.5464330574096843e-09   0.0000000000000000e+00   9.0928661148193686e-09   0.0000000000000000e+00  -9.0928661148193686e-09   0.0000000000000000e+00   4.5464330574096843e-09   0.0000000000000000e+00  -9.0928661148193684e-10
   9.0928661148192133e-10   0.0000000000000000e+00  -4.5464330574096065e-09   0.0000000000000000e+00   9.0928661148192131e-09   0.0000000000000000e+00  -9.0928661148192131e-09   0.0000000000000000e+00   4.5464330574096065e-09   0.0000000000000000e+00  -9.0928661148192133e-10
   9.0928661148181700e-10   0.0000000000000000e+00  -4.5464330574090846e-09   0.0000000000000000e+00   9.0928661148181692e-09   0.0000000000000000e+00  -9.0928661148181692e-09   0.0000000000000000e+00   4.5464330574090846e-09   0.0000000000000000e+00  -9.0928661148181700e-10
   9.0928661148189248e-10   0.0000000000000000e+00  -4.5464330574094626e-09   0.0000000000000000e+00   9.0928661148189252e-09   0.0000000000000000e+00  -9.0928661148189252e-09   0.0000000000000000e+00   4.5464330574094626e-09   0.0000000000000000e+00  -9.0928661148189248e-10
