   6.3536354866876830e-04
   6.0819331227618758e-04
   5.1686902749145777e-04
   3.4863476412320759e-04
   9.0970145666490485e-05
  -2.6013348499733977e-04
  -6.9113201237783293e-04
  -1.1636939136330157e-03
  -1.6118557625036021e-03
  -1.9455697539817289e-03
  -2.0615266547871075e-03
  -1.8606534819201439e-03
  -1.2700955552915063e-03
  -2.6610384649516049e-04
   1.1066405062375218e-03
   2.7238875057424570e-03
   4.3827874873925013e-03
   5.8173566216966838e-03
   6.7286366879234167e-03
   6.8272100805459425e-03
   5.8832490071413189e-03
   3.7772815455755565e-03
   5.4373527845984399e-04
  -3.6006507470023436e-03
  -8.2501610536106201e-03
  -1.2829327634690009e-02
  -1.6638812392493308e-02
  -1.8924891946279925e-02
  -1.8965758131617549e-02
  -1.6164784711183367e-02
  -1.0139023184532614e-02
  -7.9083828812502024e-04
   1.1648073345203356e-02
   2.6608113314638429e-02
   4.3212309435229891e-02
   6.0344682425207186e-02
   7.6750218817119298e-02
   9.1155872838272686e-02
   1.0239892938244033e-01
   1.0954768753648120e-01
   1.1200000000000000e-01
   1.0954768753648120e-01
   1.0239892938244033e-01
   9.1155872838272686e-02
   7.6750218817119298e-02
   6.0344682425207186e-02
   4.3212309435229891e-02
   2.6608113314638429e-02
   1.1648073345203356e-02
  -7.9083828812502024e-04
  -1.0139023184532614e-02
  -1.6164784711183367e-02
  -1.8965758131617549e-02
  -1.8924891946279925e-02
  -1.6638812392493308e-02
  -1.2829327634690009e-02
  -8.2501610536106201e-03
  -3.6006507470023436e-03
   5.4373527845984399e-04
   3.7772815455755565e-03
   5.8832490071413189e-03
   6.8272100805459425e-03
   6.7286366879234167e-03
   5.8173566216966838e-03
   4.3827874873925013e-03
   2.7238875057424570e-03
   1.1066405062375218e-03
  -2.6610384649516049e-04
  -1.2700955552915063e-03
  -1.8606534819201439e-03
  -2.0615266547871075e-03
  -1.9455697539817289e-03
  -1.6118557625036021e-03
  -1.1636939136330157e-03
  -6.9113201237783293e-04
  -2.6013348499733977e-04
   9.0970145666490485e-05
   3.4863476412320759e-04
   5.1686902749145777e-04
   6.0819331227618758e-04
   6.3536354866876830e-04
